2, 1, -1, 5, 8, -2, 3, 9, 7, 6, 
begin: 0, end: 9
        high: 5
        -2, 1, -1, 5, 8, -2, 3, 9, 7, 6, 
        low: 3
        -2, 1, -1, 5, 8, 5, 3, 9, 7, 6, 
        high: 3
        -2, 1, -1, 5, 8, 5, 3, 9, 7, 6, 
        low: 3
        -2, 1, -1, 5, 8, 5, 3, 9, 7, 6, 
-2, 1, -1, 2, 8, 5, 3, 9, 7, 6, 
pivot index: 3
begin: 0, end: 2
        high: 0
        -2, 1, -1, 2, 8, 5, 3, 9, 7, 6, 
        low: 0
        -2, 1, -1, 2, 8, 5, 3, 9, 7, 6, 
-2, 1, -1, 2, 8, 5, 3, 9, 7, 6, 
pivot index: 0
begin: 0, end: -1
begin: 1, end: 2
        high: 2
        -2, -1, -1, 2, 8, 5, 3, 9, 7, 6, 
        low: 2
        -2, -1, -1, 2, 8, 5, 3, 9, 7, 6, 
-2, -1, 1, 2, 8, 5, 3, 9, 7, 6, 
pivot index: 2
begin: 1, end: 1
begin: 3, end: 2
begin: 4, end: 9
        high: 9
        -2, -1, 1, 2, 6, 5, 3, 9, 7, 6, 
        low: 7
        -2, -1, 1, 2, 6, 5, 3, 9, 7, 9, 
        high: 8
        -2, -1, 1, 2, 6, 5, 3, 7, 7, 9, 
        low: 8
        -2, -1, 1, 2, 6, 5, 3, 7, 7, 9, 
-2, -1, 1, 2, 6, 5, 3, 7, 8, 9, 
pivot index: 8
begin: 4, end: 7
        high: 6
        -2, -1, 1, 2, 3, 5, 3, 7, 8, 9, 
        low: 6
        -2, -1, 1, 2, 3, 5, 3, 7, 8, 9, 
-2, -1, 1, 2, 3, 5, 6, 7, 8, 9, 
pivot index: 6
begin: 4, end: 5
        high: 4
        -2, -1, 1, 2, 3, 5, 6, 7, 8, 9, 
        low: 4
        -2, -1, 1, 2, 3, 5, 6, 7, 8, 9, 
-2, -1, 1, 2, 3, 5, 6, 7, 8, 9, 
pivot index: 4
begin: 4, end: 3
begin: 5, end: 5
begin: 7, end: 7
begin: 9, end: 9
-2, -1, 1, 2, 3, 5, 6, 7, 8, 9, 
